<?xml version="1.0" encoding="UTF-8" standalone="no"?>
<!DOCTYPE svg PUBLIC "-//W3C//DTD SVG 20010904//EN"
              "http://www.w3.org/TR/2001/REC-SVG-20010904/DTD/svg10.dtd">

<svg xmlns="http://www.w3.org/2000/svg"
     width="1.10667in" height="1.08667in"
     viewBox="0 0 332 326">
  <path id="Auswahl #1"
        fill="none" stroke="black" stroke-width="1"
        d="M 0.00,0.00
           C 0.00,0.00 0.00,326.00 0.00,326.00
             0.00,326.00 332.00,326.00 332.00,326.00
             332.00,326.00 332.00,0.00 332.00,0.00
             332.00,0.00 0.00,0.00 0.00,0.00 Z
           M 157.00,172.00
           C 161.67,167.46 171.12,147.84 174.38,141.00
             174.38,141.00 198.70,94.00 198.70,94.00
             201.47,88.77 208.66,72.44 213.09,70.02
             215.45,68.73 219.33,69.00 222.00,69.00
             224.26,69.00 228.62,68.76 230.43,70.17
             232.31,71.66 231.96,74.85 232.00,77.00
             232.00,77.00 233.00,92.00 233.00,92.00
             233.00,92.00 233.00,116.00 233.00,116.00
             233.00,116.00 234.00,132.00 234.00,132.00
             234.00,132.00 234.00,166.00 234.00,166.00
             234.00,166.00 235.00,183.00 235.00,183.00
             235.00,183.00 235.00,209.00 235.00,209.00
             235.00,209.00 236.00,224.00 236.00,224.00
             236.04,227.84 236.92,239.88 234.40,242.40
             231.80,245.00 218.08,244.01 214.00,244.00
             211.50,244.00 206.70,244.38 204.99,242.26
             203.75,240.72 204.00,236.94 204.00,235.00
             204.00,235.00 204.00,215.00 204.00,215.00
             204.00,215.00 203.00,200.00 203.00,200.00
             203.00,200.00 202.00,156.00 202.00,156.00
             202.00,156.00 183.70,188.00 183.70,188.00
             183.70,188.00 162.63,226.00 162.63,226.00
             158.64,233.29 153.75,248.60 143.11,245.69
             138.02,244.29 138.40,238.13 137.68,234.00
             137.68,234.00 135.82,223.00 135.82,223.00
             135.82,223.00 132.32,204.00 132.32,204.00
             132.32,204.00 124.00,156.00 124.00,156.00
             124.00,156.00 105.19,203.00 105.19,203.00
             105.19,203.00 94.95,230.00 94.95,230.00
             93.85,232.93 91.46,240.40 89.35,242.26
             87.00,244.35 82.97,244.00 80.00,244.00
             80.00,244.00 68.00,244.00 68.00,244.00
             65.63,244.00 60.57,244.37 59.03,242.26
             57.58,240.28 59.31,236.09 60.00,234.00
             60.00,234.00 68.05,212.00 68.05,212.00
             68.05,212.00 105.19,112.00 105.19,112.00
             105.19,112.00 116.31,82.00 116.31,82.00
             119.00,74.47 118.89,69.17 128.00,69.00
             128.00,69.00 132.00,69.00 132.00,69.00
             134.27,69.00 137.77,68.79 139.72,70.02
             143.46,72.37 144.84,88.24 145.58,93.00
             145.58,93.00 157.00,172.00 157.00,172.00 Z" />
  <path id="Auswahl"
        fill="none" stroke="black" stroke-width="1"
        d="M 123.00,156.00
           C 126.00,162.19 127.20,172.93 128.29,180.00
             128.29,180.00 135.49,221.00 135.49,221.00
             136.44,225.72 137.71,241.55 140.70,244.40
             142.15,245.79 144.09,245.98 146.00,245.94
             154.19,245.78 157.15,236.11 160.46,230.00
             160.46,230.00 201.00,156.00 201.00,156.00
             204.01,164.25 203.00,173.34 203.00,182.00
             203.00,182.00 203.00,202.00 203.00,202.00
             203.00,202.00 204.00,217.00 204.00,217.00
             204.00,217.00 204.00,235.00 204.00,235.00
             204.00,237.30 203.59,241.26 205.57,242.83
             208.01,244.74 222.22,244.01 226.00,244.00
             228.54,243.99 232.48,244.32 234.40,242.40
             236.19,240.61 235.98,237.35 235.96,235.00
             235.96,235.00 235.96,221.00 235.96,221.00
             235.96,221.00 235.00,211.00 235.00,211.00
             235.00,211.00 235.00,183.00 235.00,183.00
             235.00,183.00 234.00,166.00 234.00,166.00
             234.00,166.00 234.00,132.00 234.00,132.00
             234.00,132.00 233.00,115.00 233.00,115.00
             233.00,115.00 233.00,92.00 233.00,92.00
             233.00,92.00 232.00,77.00 232.00,77.00
             231.96,74.85 232.31,71.66 230.43,70.17
             228.54,68.69 223.41,69.00 221.00,69.00
             218.51,69.00 215.32,68.80 213.09,70.02
             208.66,72.44 201.47,88.77 198.70,94.00
             198.70,94.00 174.38,141.00 174.38,141.00
             171.12,147.84 161.67,167.46 157.00,172.00
             157.00,172.00 150.15,125.00 150.15,125.00
             150.15,125.00 143.92,83.00 143.92,83.00
             142.57,74.82 143.86,69.19 134.00,69.00
             131.18,68.95 124.52,68.62 122.27,70.02
             119.68,71.63 118.32,76.22 117.34,79.00
             117.34,79.00 109.60,100.00 109.60,100.00
             109.60,100.00 92.95,145.00 92.95,145.00
             92.95,145.00 72.05,201.00 72.05,201.00
             72.05,201.00 61.00,231.00 61.00,231.00
             60.15,233.49 57.39,240.01 59.03,242.26
             60.57,244.37 65.63,244.00 68.00,244.00
             68.00,244.00 82.00,244.00 82.00,244.00
             92.65,243.85 90.49,240.07 97.28,224.00
             97.28,224.00 109.40,192.00 109.40,192.00
             109.40,192.00 123.00,156.00 123.00,156.00 Z" />
</svg>
